12,32,43,54,2,45,2151,53,545,34,2,4,5,6
3,33,856453,232,65,27,84,56,23,86,53,74
1121,312,43432,34,5464,322,683,7675,378,23,35,43,4
23,324,5466,2342,121,4554,343,234,668,24,322,23,56,74,12
12,23,353,378,359,747,545,905,2578,346,3,795,44,66,88,224,545
4,45,45,4556,686,064456,6868,4545,76856,343,34,23,232,4,5,8,2
4,5,6,7,8,4,7,75,4,4457,895,443,35,55656,775,4,67,
45,23,62,113,456,794,234,5,5666673,556,45,5678,256,65,67,864,32,3,5,7
12,45,63,53,5,421,345,574,335,333543,2224,3678,12,12
234,23,64,456,7,8422,435,5663,32,435,654,3546,6476,23,23,43
